            wavelength     wave_vac           w1           w2           w3           w4           w5           w6 units_wave particle rel_int
H1_3704A      3703.794     3704.906  3689.478336  3695.299628  3701.370098   3709.09187  3715.440065  3719.092641   Angstrom       H1       1
H1_3722A      3721.938     3722.997  3716.235967  3718.957275  3720.100224  3724.073334  3731.929935   3734.95361   Angstrom       H1       0
O2_3726A      3725.974     3727.092  3715.734848  3718.904218  3721.482096  3735.784211  3736.661649  3739.766338   Angstrom       O2       1
O2_3729A      3728.756     3729.875  3713.614283  3718.277024  3719.231001  3736.694877  3738.039567  3742.434072   Angstrom       O2       1
H1_3734A      3734.368      3735.43   3679.80226   3691.39503   3732.09896  3737.919535  3755.503633  3763.803622   Angstrom       H1       0
H1_3750A      3750.092     3751.217  3741.044983  3743.228076  3745.778534  3754.405466  3755.405736  3758.674329   Angstrom       H1       1
H1_3771A      3770.571     3771.701  3764.440236  3767.575787  3769.117862  3773.487072  3774.616855   3777.94441   Angstrom       H1       1
H1_3798A      3797.838     3798.976  3780.949179  3792.078244    3795.1888  3801.677607  3807.127865   3816.77428   Angstrom       H1       1
H1_3835A      3835.324     3836.472  3823.148476  3829.538777  3832.378228  3839.755996      3844.26      3852.83   Angstrom       H1       1
Ne3_3869A       3869.0      3870.16  3860.601706  3863.490827  3864.575469  3873.424531  3875.440357  3882.104537   Angstrom      Ne3       1
He1_3889A  3888.584917  3889.747508   3879.30774  3883.271778  3884.142092  3893.027742  3894.887105   3900.47788   Angstrom      He1       1
H1_3889A      3888.988     3890.151  3875.697692  3883.172217  3884.544814  3893.431186  3895.722596  3901.165211   Angstrom       H1       1
Ne3_3968A      3967.73      3968.91  3955.199302  3960.430855  3963.151263  3974.556049  3976.697952  3980.753832   Angstrom      Ne3       1
H1_3970A       3970.01     3971.195  3951.448632  3958.074632  3960.999934  3976.135293  3980.830802  3989.199384   Angstrom       H1       1
He1_4026A     4026.123     4027.323  4012.700467  4018.058012  4021.551709  4030.694291  4034.173653  4039.559868   Angstrom      He1       1
S2_4069A      4068.537     4069.749  4055.223233  4062.413533  4063.926111  4073.147889  4078.679037  4083.250834   Angstrom       S2       1
S2_4076A        4076.3       4077.5  4062.624741   4068.12783    4074.8162  4078.118053  4084.450987   4089.90433   Angstrom       S2       0
H1_4102A      4101.671     4102.892  4084.633589  4093.799103  4097.029221  4106.312779  4110.113141  4119.294537   Angstrom       H1       1
Fe2_4287A   4287.32678   4288.59958  4282.021395  4284.117821  4285.282901  4290.362264  4292.645124  4295.726984   Angstrom      Fe2       1
H1_4340A      4340.396     4341.684  4326.987989  4332.978593  4336.243904  4345.946057  4346.227843  4351.078919   Angstrom       H1       1
O3_4363A      4363.142     4364.436  4345.851577  4355.929486  4359.262364  4368.934079  4370.645527  4375.735884   Angstrom       O3       1
He1_4471A     4471.404     4472.728  4460.253818  4465.315451  4466.416854  4476.391146  4478.833918  4484.163145   Angstrom      He1       1
Fe3_4658A      4658.09      4659.47  4647.565971  4651.566293   4652.92849   4663.25151  4664.960155  4669.531952   Angstrom      Fe3       1
He2_4686A      4685.64      4687.02  4663.804252  4678.301808  4680.452783  4690.827217  4699.098724  4713.650161   Angstrom      He2       1
Ar4_4711A       4711.3      4712.69  4664.639652  4680.894598  4707.980023  4717.525766  4723.932671  4738.660669   Angstrom      Ar4       1
He1_4713A  4713.083425  4714.474819  4705.016301  4707.757262  4707.870537  4718.296313   4719.86117  4726.392308   Angstrom      He1       1
Ar4_4740A      4740.09      4741.49    4724.2872  4730.594819  4734.851923  4745.328077  4749.568304  4755.909677   Angstrom      Ar4       1
H1_4861A       4861.25     4862.683  4822.728321  4838.483857  4845.785203  4873.837742  4884.876994  4900.857011   Angstrom       H1       1
O3_4959A      4958.835     4960.295    4933.1733  4942.089769  4949.140001  4969.253896  4973.616432  4983.799888   Angstrom       O3       1
O3_5007A       5006.77      5008.24  4988.336196  4994.420017    4995.9685  5020.223882  5021.507991  5027.643176   Angstrom       O3       1
He1_5016A       5015.6      5017.08  4997.605766   5001.08904  5010.104594  5021.095406  5025.145401  5029.390641   Angstrom      He1       1
N1_5198A      5197.822     5199.349  5179.807176  5188.833983  5193.277949  5207.304219  5210.278662  5215.772744   Angstrom       N1       1
N1_5200A     5200.1776    5201.7055  5183.811764  5189.701542  5194.219297  5204.886824  5210.979313   5217.37132   Angstrom       N1       1