            wavelength     wave_vac           w1           w2           w3           w4           w5           w6 units_wave particle rel_int
H1_3704A      3703.794     3704.906  3671.309441  3681.364925  3699.523773  3708.064227       3758.0       3764.0   Angstrom       H1       1
H1_3722A      3721.938     3722.997      3665.75      3694.26   3720.55821  3735.049173      3754.88       3767.5   Angstrom       H1       0
O2_3726A      3725.974     3727.092      3665.75      3694.26  3718.888119   3740.36412      3754.88       3767.5   Angstrom       O2       1
O2_3729A      3728.756     3729.875      3665.75      3694.26  3724.462429  3733.049571      3754.88       3767.5   Angstrom       O2       1
H1_3734A      3734.368      3735.43      3665.75      3694.26  3730.069213  3738.666787      3754.88       3767.5   Angstrom       H1       0
H1_3750A      3750.092     3751.217  3664.503848  3675.720417  3745.778534  3754.405466      3775.22      3792.04   Angstrom       H1       1
H1_3771A      3770.571     3771.701  3758.000441  3763.017925  3766.238418  3774.903582   3778.11065  3783.154984   Angstrom       H1       1
H1_3798A      3797.838     3798.976  3780.949179  3792.078244  3795.076924  3801.453855  3807.127865   3816.77428   Angstrom       H1       1
H1_3835A      3835.324     3836.472  3823.148476  3829.538777  3830.930976  3839.717024      3844.26      3852.83   Angstrom       H1       1
Ne3_3869A       3869.0      3870.16   3848.42995  3858.099497  3864.575469  3873.424531  3895.538694  3910.048413   Angstrom      Ne3       1
He1_3889A  3888.584917  3889.747508  3842.087829  3861.282614  3884.142092  3893.027742       3905.0       3950.0   Angstrom      He1       1
H1_3889A      3888.988     3890.151  3842.087829  3861.282614  3884.544814  3893.431186       3905.0       3950.0   Angstrom       H1       1
Ne3_3968A      3967.73      3968.91  3954.502141  3959.781983  3963.213277  3972.246723   3975.66389  3980.971986   Angstrom      Ne3       1
H1_3970A       3970.01     3971.195  3945.566344  3957.862489   3965.49117   3974.52883  3979.317175  3989.942405   Angstrom       H1       1
Fe3_4008A      4008.27      4009.47  3994.906986  4000.240775  4003.715422  4012.824578  4016.284954  4021.647285   Angstrom      Fe3       1
He1_4026A     4026.123     4027.323  4012.700467  4018.058012  4021.551709  4030.694291  4034.173653  4039.559868   Angstrom      He1       1
S2_4069A      4068.537     4069.749  4054.973064   4060.38705  4063.926111  4073.147889  4076.672464  4082.115422   Angstrom       S2       1
S2_4076A        4076.3       4077.5  4062.710184  4068.134499  4071.681836  4080.918164  4084.450987   4089.90433   Angstrom       S2       0
H1_4102A      4101.671     4102.892  4084.633589  4093.799103  4097.029221  4106.312779  4110.113141  4119.294537   Angstrom       H1       1
Fe2_4287A   4287.32678   4288.59958   4273.03343  4278.738558   4282.51152   4292.14204  4295.899737  4301.635395   Angstrom      Fe2       1
H1_4340A      4340.396     4341.684  4322.549217  4332.509864   4335.53125   4345.26075  4350.262697  4360.488238   Angstrom       H1       1
O3_4363A      4363.142     4364.436       4297.7      4323.66  4358.255948  4368.028052      4390.76       4416.2   Angstrom       O3       1
He1_4388A  4388.080339  4389.381125   4373.45109  4379.290291  4383.170975  4392.989703  4396.854763  4402.725211   Angstrom      He1       1
He1_4471A     4471.404     4472.728   4451.91336  4465.069336  4466.416854  4476.391146  4480.772156  4496.909458   Angstrom      He1       1
Fe3_4658A      4658.09      4659.47  4637.507567  4650.238986   4652.92849   4663.25151  4669.709024   4679.09797   Angstrom      Fe3       1
He2_4686A      4685.64      4687.02  4663.804252  4678.301808  4680.452783  4690.827217  4718.751912  4733.650293   Angstrom      He2       1
Ar4_4740A      4740.09      4741.49    4724.2872  4730.594819  4734.851923  4745.328077  4749.568304  4755.909677   Angstrom      Ar4       1
H1_4861A       4861.25     4862.683       4809.8       4836.1  4855.898699  4866.601301      4883.13       4908.4   Angstrom       H1       1
He1_4922A     4922.333     4923.783  4905.922627  4912.472756  4916.924654  4927.741346  4932.175718  4938.760898   Angstrom      He1       1
Fe3_4925A      4924.58     4926.031  4908.162136  4914.715255  4919.169578  4929.990422  4934.427211  4941.015398   Angstrom      Fe3       1
O3_4959A      4958.835     4960.295  4929.281844  4946.732665  4953.392604  4964.277396  4972.820372   4984.41636   Angstrom       O3       1
Fe3_4986A       4985.8      4987.27  4969.178037  4975.812621  4980.332382  4991.267618  4995.769627  5002.439715   Angstrom      Fe3       0
O3_5007A       5006.77      5008.24  4974.212811  4987.624611  4996.470692  5020.440717  5030.316852  5042.729901   Angstrom       O3       1
He1_5016A       5015.6      5017.08  4998.878688  5005.552927  5010.104594  5021.095406  5025.629215   5032.33917   Angstrom      He1       1
N1_5198A      5197.822     5199.349  5180.493185  5187.409906  5192.156351  5203.487649  5208.215587  5215.169321   Angstrom       N1       1
N1_5200A     5200.1776    5201.7055  5182.840932  5189.760787  5194.509756  5205.845444  5210.575898  5217.532783   Angstrom       N1       1