             wavelength    wave_vac           w1           w2           w3           w4           w5           w6 units_wave particle  rel_int
H1_3704A     3703.79400  3704.90600  3689.478336  3695.299628  3698.041229  3709.546771  3715.440065  3719.092641   Angstrom       H1        1
O2_3726A_b   3725.97400  3727.09200  3715.734848  3718.904218  3715.220287  3740.161568  3736.661649  3739.766338   Angstrom       O2        1
H1_3750A     3750.09200  3751.21700  3741.044983  3743.228076  3744.277458  3755.906542  3755.405736  3758.674329   Angstrom       H1        1
H1_3771A     3770.57100  3771.70100  3764.440236  3767.575787  3764.729145  3776.412855  3774.616855  3777.944410   Angstrom       H1        1
H1_3798A     3797.83800  3798.97600  3780.949179  3792.078244  3791.959752  3803.716248  3807.127865  3816.774280   Angstrom       H1        1
H1_3835A     3835.32400  3836.47200  3823.148476  3829.538777  3829.395785  3841.252215  3844.260000  3852.830000   Angstrom       H1        1
Ne3_3869A    3869.00000  3870.16000  3860.601706  3863.490827  3863.026798  3874.973202  3875.440357  3882.104537   Angstrom      Ne3        1
H1_3889A_m   3888.98800  3890.15100  3875.697692  3883.172217  3882.585582  3894.987858  3895.722596  3901.165211   Angstrom       H1        1
Ne3_3968A_b  3967.73000  3968.91000  3955.199302  3960.430855  3961.625086  3976.117934  3976.697952  3980.753832   Angstrom      Ne3        1
He1_4026A    4026.12300  4027.32300  4012.700467  4018.058012  4019.940145  4032.305855  4034.173653  4039.559868   Angstrom      He1        1
S2_4069A     4068.53700  4069.74900  4055.223233  4062.413533  4062.297569  4074.776431  4078.679037  4083.250834   Angstrom       S2        1
S2_4076A     4076.30000  4077.50000  4062.624741  4068.127830  4070.050187  4082.549813  4084.450987  4089.904330   Angstrom       S2        0
H1_4102A     4101.67100  4102.89200  4084.633589  4093.799103  4095.387416  4107.954584  4110.113141  4119.294537   Angstrom       H1        1
Fe2_4287A    4287.32678  4288.59958  4282.021395  4284.117821  4280.795402  4293.858158  4292.645124  4295.726984   Angstrom      Fe2        1
H1_4340A     4340.39600  4341.68400  4326.987989  4332.978593  4333.793890  4346.998110  4346.227843  4351.078919   Angstrom       H1        1
O3_4363A     4363.14200  4364.43600  4345.851577  4355.929486  4356.509483  4369.774517  4370.645527  4375.735884   Angstrom       O3        1
He1_4471A    4471.40400  4472.72800  4460.253818  4465.315451  4464.627055  4478.180945  4478.833918  4484.163145   Angstrom      He1        1
Fe3_4658A    4658.09000  4659.47000  4647.565971  4651.566293  4651.063964  4665.116036  4664.960155  4669.531952   Angstrom      Fe3        1
He2_4686A    4685.64000  4687.02000  4663.804252  4678.301808  4678.577230  4692.702770  4699.098724  4713.650161   Angstrom      He2        1
Ar4_4711A_m  4711.30000  4712.69000  4664.639652  4680.894598  4704.202931  4720.182852  4723.932671  4738.660669   Angstrom      Ar4        1
Ar4_4740A    4740.09000  4741.49000  4724.287200  4730.594819  4732.954575  4747.225425  4749.568304  4755.909677   Angstrom      Ar4        1
H1_4861A_b   4861.25000  4862.68300  4822.728321  4838.483857  4847.466699  4875.033301  4884.876994  4900.857011   Angstrom       H1        1
O3_4959A_b   4958.83500  4960.29500  4933.173300  4942.089769  4944.791340  4972.878660  4973.616432  4983.799888   Angstrom       O3        1
O3_5007A_b   5006.77000  5008.24000  4988.336196  4994.420017  4992.598393  5023.103035  5021.507991  5027.643176   Angstrom       O3        1
N1_5198A_m   5197.82200  5199.34900  5179.807176  5188.833983  5190.075783  5207.926955  5210.278662  5215.772744   Angstrom       N1        1